0008
4010
4020
4040
4080
4100
4200
4FFF
7000
4200
4100
4080
4040
4030
0000
0000
0000
4040
4F41
4949
4959
7F6A
49C6
4944
494C
7F52
4962
4942
4F41
4040
0000
0000
1002
100C
9FF0
5204
1202
13FC
1201
0402
1B84
E868
0810
0868
0F84
0802
0801
0000
0000
0020
2021
2222
2624
2AF8
3220
A220
6220
2220
2AFF
2620
2320
2020
0020
0000
0000
0000
0000
7FCC
0000
0000
0000
0000
0000
0000
0000
0000
0000
0000
0000
0000
0000
0000
0000
7FCC
0000
0000
0000
0000
0000
0000
0000
0000
0000
0000
0000
0000
0000
0000
0000
7FCC
0000
0000
0000
0000
0000
0000
0000
0000
0000
0000
0000
0000